0.0                           0.0
0.24666666666666665                           0.244172882697924
0.4933333333333333                           0.4735643776675156
0.62                           0.5810351605373051
1.0266666666666666                           0.855578166782177
0.8333333333333334                           0.7401768531960371
1.04                           0.8624042272433384
1.2066666666666668                           0.9344340745332567
1.4933333333333332                           0.9970012422796308
1.82                           0.9691091288804563
1.7866666666666666                           0.976790339431285
1.9133333333333333                           0.9419055735302333
2.08                           0.8731329795075164
2.2866666666666666                           0.7545223453168781
2.4133333333333336                           0.6655715153752695
2.82                           0.3160779642170538
2.9466666666666663                           0.1936939240751854
3.0333333333333337                           0.1080479761529977
3.2                           -0.058374143427580086
3.3266666666666667                           -0.18401928316043073
3.5333333333333337                           -0.38179780879641173
3.82                           -0.6275538230792933
3.7066666666666666                           -0.5354783251456491
4.193333333333333                           -0.868288022869577
4.16                           -0.8512734009355745
4.526666666666667                           -0.9828031271200882
4.453333333333333                           -0.9666323219611838
4.74                           -0.9996188400141854
4.706666666666667                           -0.9999836276075323
5.073333333333333                           -0.935563735198928
5.32                           -0.821014246711247
5.406666666666667                           -0.7685160605785919
5.573333333333333                           -0.6517215064888888
5.58                           -0.6466506722561834
5.786666666666667                           -0.4763674591148612
5.873333333333333                           -0.3984735657498838
6.12                           -0.1624620152151542
6.286666666666667                           0.0034813524548176714
6.333333333333333                           0.050127009882172724
6.5                           0.21511998808781552
6.906666666666667                           0.5838650372703595
6.953333333333333                           0.6211020063391172
7.08                           0.7151332305593578
7.246666666666667                           0.8211832292722634
7.493333333333333                           0.9356682474068673
7.7                           0.9881682338770004
8.026666666666667                           0.9851269545816491
8.153333333333332                           0.9555278742906801
8.12                           0.9648252809930913
8.366666666666665                           0.8714305913727902
8.533333333333333                           0.7779802022385344
8.7                           0.6629692300821833
8.906666666666666                           0.49524019737815017
9.073333333333334                           0.3442544927721319
9.0                           0.4121184852417566
9.326666666666666                           0.09795396946600814
9.693333333333333                           -0.2653388689668228
9.7                           -0.27176062641094245
9.986666666666666                           -0.5327854652681087
9.833333333333334                           -0.3972840146039623
10.0                           -0.5440211108893698
