0.0                           0.0
0.02857142857142857                           0.02812463087761325
0.05714285714285714                           0.056229072093517934
0.08571428571428572                           0.0842931339860055
0.11428571428571428                           0.11229662689336739
0.14285714285714285                           0.14021936115389502
0.17142857142857143                           0.16804114710587983
0.2                           0.19574179508761333
0.22857142857142856                           0.22330111543738682
0.2571428571428571                           0.25069891849349185
0.2857142857142857                           0.2779150145942198
0.3142857142857143                           0.3049292140778621
0.34285714285714286                           0.3317213272827103
0.37142857142857144                           0.35827116454705576
0.4                           0.3845585362091899
0.42857142857142855                           0.41056325260740417
0.45714285714285713                           0.43626512407998996
0.4857142857142857                           0.46164396096523885
0.5142857142857142                           0.4866795736014421
0.5428571428571428                           0.5113517723268913
0.5714285714285714                           0.5356403674798778
0.6                           0.5595251693986931
0.6285714285714286                           0.5829859884216284
0.6571428571428571                           0.6060026348869756
0.6857142857142857                           0.6285549191330257
0.7142857142857143                           0.6506226514980705
0.7428571428571429                           0.6721856423204012
0.7714285714285715                           0.6932237019383093
0.8                           0.7137166406900861
0.8285714285714286                           0.7336442689140233
0.8571428571428571                           0.7529863969484121
0.8857142857142857                           0.771722835131544
0.9142857142857143                           0.7898333938017106
0.9428571428571428                           0.8072978832972032
0.9714285714285714                           0.8240961139563133
1.0                           0.8402078961173323
1.0285714285714285                           0.8556130401185515
1.0571428571428572                           0.8702913562982627
1.0857142857142856                           0.8842226549947569
1.1142857142857143                           0.8973867465463259
1.1428571428571428                           0.909763441291261
1.1714285714285715                           0.9213327865915124
1.2                           0.9320840441037677
1.2285714285714286                           0.9420184451794853
1.2571428571428571                           0.9511380211249729
1.2857142857142858                           0.9594448032465376
1.3142857142857143                           0.9669408228504864
1.3428571428571427                           0.9736281112431271
1.3714285714285714                           0.9795086997307664
1.4                           0.9845846196197118
1.4285714285714286                           0.9888579022162708
1.457142857142857                           0.9923305788267502
1.4857142857142858                           0.9950046807574575
1.5142857142857142                           0.9968822393146998
1.542857142857143                           0.9979652858047845
1.5714285714285714                           0.9982558515340187
1.6                           0.9977559678087101
1.6285714285714286                           0.9964676659351656
1.6571428571428573                           0.9943929772196923
1.6857142857142857                           0.9915339329685976
1.7142857142857142                           0.9878925644881891
1.7428571428571429                           0.9834709030847736
1.7714285714285714                           0.9782709800646585
1.8                           0.972294826734151
1.8285714285714285                           0.9655444743995585
1.8571428571428572                           0.9580219543671882
1.8857142857142857                           0.9497292979433475
1.9142857142857144                           0.9406685364343432
1.9428571428571428                           0.930841701146483
1.9714285714285715                           0.9202508233860741
2.0                           0.9088979344594236
2.0285714285714285                           0.896785065672839
2.057142857142857                           0.8839142483326271
2.085714285714286                           0.8702875137450955
2.1142857142857143                           0.8559068932165514
2.142857142857143                           0.8407760366429395
2.1714285714285713                           0.8249105563092434
2.2                           0.8083314260786194
2.2285714285714286                           0.791059645104689
2.257142857142857                           0.7731162125410719
2.2857142857142856                           0.7545221275413884
2.3142857142857145                           0.7352983892592585
2.342857142857143                           0.7154659968483036
2.3714285714285714                           0.695045949462143
2.4                           0.6740592462543974
2.4285714285714284                           0.6525268863786869
2.4571428571428573                           0.6304698689886317
2.4857142857142858                           0.6079091932378526
2.5142857142857142                           0.5848658582799696
2.5428571428571427                           0.5613608632686032
2.5714285714285716                           0.5374152073573731
2.6                           0.5130498896999005
2.6285714285714286                           0.4882859094498052
2.657142857142857                           0.4631442657607077
2.6857142857142855                           0.4376459577862281
2.7142857142857144                           0.41181198467998636
2.742857142857143                           0.3856633455956036
2.7714285714285714                           0.3592210396866999
2.8                           0.33250606610689537
2.8285714285714287                           0.3055394240098098
2.857142857142857                           0.2783421125490647
2.8857142857142857                           0.2509351308782797
2.914285714285714                           0.223339478151075
2.942857142857143                           0.19557615352107072
2.9714285714285715                           0.1676661561418879
3.0                           0.1396304851671465
3.0285714285714285                           0.11149013975046676
3.057142857142857                           0.083266119045469
3.085714285714286                           0.05497942220577309
3.1142857142857143                           0.02665104838500024
3.142857142857143                           -0.001698003263229707
3.1714285714285713                           -0.03004673358529645
3.2                           -0.058374143427580086
3.2285714285714286                           -0.08665918713787352
3.257142857142857                           -0.11488063306962708
3.2857142857142856                           -0.1430172030777048
3.3142857142857145                           -0.1710476190169711
3.342857142857143                           -0.1989506027422891
3.3714285714285714                           -0.22670487610852316
3.4                           -0.2542891609705374
3.4285714285714284                           -0.2816821791831956
3.4571428571428573                           -0.3088626526013624
3.4857142857142858                           -0.3358093030799009
3.5142857142857142                           -0.36250085247367536
3.5428571428571427                           -0.3889160226375499
3.5714285714285716                           -0.4150335354263888
3.6                           -0.44083211269505546
3.6285714285714286                           -0.4662904762984141
3.657142857142857                           -0.4913873480913286
3.6857142857142855                           -0.5161014499286632
3.7142857142857144                           -0.5404115036652822
3.742857142857143                           -0.5642962311560488
3.7714285714285714                           -0.5877343542558272
3.8                           -0.6107045948194817
3.8285714285714287                           -0.6331856747018764
3.857142857142857                           -0.6551563157578746
3.8857142857142857                           -0.6765952398423408
3.914285714285714                           -0.6974811688101389
3.942857142857143                           -0.7177928245161332
3.9714285714285715                           -0.7375089288151871
4.0                           -0.756608203562165
4.0285714285714285                           -0.7750693706119305
4.057142857142857                           -0.792871151819348
4.085714285714285                           -0.8099922690392812
4.114285714285714                           -0.8264114441265943
4.142857142857143                           -0.8421089362695408
4.171428571428572                           -0.857076366510951
4.2                           -0.871310448310508
4.228571428571429                           -0.8848079191487288
4.257142857142857                           -0.8975655165061301
4.285714285714286                           -0.9095799778632289
4.314285714285714                           -0.9208480407005415
4.3428571428571425                           -0.9313664424985854
4.371428571428571                           -0.941131920737877
4.4                           -0.950141212898933
4.428571428571429                           -0.9583910564622707
4.457142857142857                           -0.9658781889084064
4.485714285714286                           -0.9725993477178572
4.514285714285714                           -0.9785512703711398
4.542857142857143                           -0.983730694348771
4.571428571428571                           -0.9881343571312676
4.6                           -0.9917589961991466
4.628571428571429                           -0.994601349032925
4.6571428571428575                           -0.996658153113119
4.685714285714286                           -0.9979261459202459
4.714285714285714                           -0.9984020649348222
4.742857142857143                           -0.9980826476373651
4.771428571428571                           -0.9969646315083911
4.8                           -0.9950447540284171
4.828571428571428                           -0.9923197526779599
4.857142857142857                           -0.9887863649375362
4.885714285714286                           -0.984441328287663
4.914285714285715                           -0.9792813802088572
4.942857142857143                           -0.9733032581816354
4.9714285714285715                           -0.9665036996865146
5.0                           -0.9588794422040117
5.0285714285714285                           -0.950427223214643
5.057142857142857                           -0.9411445319566535
5.085714285714285                           -0.9310401061913229
5.114285714285714                           -0.9201313428152393
5.142857142857143                           -0.9084358614680192
5.171428571428572                           -0.8959712817892821
5.2                           -0.8827552234186449
5.228571428571429                           -0.8688053059957255
5.257142857142857                           -0.8541391491601417
5.285714285714286                           -0.8387743725515111
5.314285714285714                           -0.8227285958094521
5.3428571428571425                           -0.8060194385735819
5.371428571428571                           -0.7886645204835186
5.4                           -0.7706814611788796
5.428571428571429                           -0.7520878802992834
5.457142857142857                           -0.7329013974843476
5.485714285714286                           -0.7131396323736898
5.514285714285714                           -0.6928202046069281
5.542857142857143                           -0.6719607338236799
5.571428571428571                           -0.6505788396635634
5.6                           -0.628692141766196
5.628571428571429                           -0.6063182597711954
5.6571428571428575                           -0.5834748133181802
5.685714285714286                           -0.5601794220467678
5.714285714285714                           -0.5364497055965759
5.742857142857143                           -0.5123032836072225
5.771428571428571                           -0.4877577757183253
5.8                           -0.46283080156950207
5.828571428571428                           -0.4375399808003706
5.857142857142857                           -0.4119029330505488
5.885714285714286                           -0.3859372779596536
5.914285714285715                           -0.35966063516730445
5.942857142857143                           -0.33309062431311837
5.9714285714285715                           -0.3062448650367131
6.0                           -0.2791409769777065
6.0285714285714285                           -0.2517965797757164
6.057142857142857                           -0.22422950720994622
6.085714285714285                           -0.19646079722228887
6.114285714285714                           -0.1685139543254202
6.142857142857143                           -0.14041254648078147
6.171428571428572                           -0.11218014164981649
6.2                           -0.08384030779396642
6.228571428571429                           -0.05541661287467334
6.257142857142857                           -0.02693262485337934
6.285714285714286                           0.0015880883084734912
6.314285714285714                           0.030121958649443194
6.3428571428571425                           0.05864541820808754
6.371428571428571                           0.08713489902296456
6.4                           0.11556683313263305
6.428571428571429                           0.14391765257564915
6.457142857142857                           0.1721637893905717
6.485714285714286                           0.2002816756159586
6.514285714285714                           0.22824774329036787
6.542857142857143                           0.25603842445235725
6.571428571428571                           0.28363015114048484
6.6                           0.31099935539330853
6.628571428571429                           0.33812246924938705
6.6571428571428575                           0.36497592474727675
6.685714285714286                           0.39153615392553626
6.714285714285714                           0.4177795888227236
6.742857142857143                           0.44368266147739677
6.771428571428571                           0.4692218039281135
6.8                           0.4943734482134317
6.828571428571428                           0.5191140263719097
6.857142857142857                           0.543419970442105
6.885714285714286                           0.5672677124625765
6.914285714285715                           0.5906336844718806
6.942857142857143                           0.6134943185085757
6.9714285714285715                           0.6358260466112204
7.0                           0.6576053008183719
7.0285714285714285                           0.6788085131685885
7.057142857142857                           0.6994121157004282
7.085714285714285                           0.7193925404524485
7.114285714285714                           0.7387262194632079
7.142857142857143                           0.7573912925729375
7.171428571428572                           0.7753785213436053
7.2                           0.7926843244302232
7.228571428571429                           0.8093051471722028
7.257142857142857                           0.8252374349089561
7.285714285714286                           0.8404776329798951
7.314285714285714                           0.8550221867244315
7.3428571428571425                           0.8688675414819775
7.371428571428571                           0.882010142591945
7.4                           0.8944464353937465
7.428571428571429                           0.9061728652267926
7.457142857142857                           0.9171858774304961
7.485714285714286                           0.9274819173442688
7.514285714285714                           0.9370574303075228
7.542857142857143                           0.9459088616596696
7.571428571428571                           0.9540326567401216
7.6                           0.9614252608882906
7.628571428571429                           0.9680831194435887
7.6571428571428575                           0.9740026777454274
7.685714285714286                           0.9791803811332189
7.714285714285714                           0.983612674946375
7.742857142857143                           0.987296004524308
7.771428571428571                           0.9902268152064294
7.8                           0.9924015523321513
7.828571428571428                           0.9938166612408861
7.857142857142857                           0.9944685872720448
7.885714285714286                           0.9943537757650399
7.914285714285715                           0.9934686720592835
7.942857142857143                           0.9918097214941872
7.9714285714285715                           0.989373369409163
8.0                           0.9861560611436231
8.028571428571428                           0.9821542420369791
8.057142857142857                           0.9773643574286431
8.085714285714285                           0.971782852658027
8.114285714285714                           0.9654061730645427
8.142857142857142                           0.9582307639876023
8.17142857142857                           0.9502532355051173
8.2                           0.9414766019041745
8.228571428571428                           0.9319121967660944
8.257142857142858                           0.9215719096646335
8.285714285714286                           0.9104676301735501
8.314285714285715                           0.8986112478666008
8.342857142857143                           0.8860146523175427
8.371428571428572                           0.8726897331001328
8.4                           0.858648379788128
8.428571428571429                           0.8439024819552856
8.457142857142857                           0.8284639291753625
8.485714285714286                           0.8123446110221161
8.514285714285714                           0.7955564170693031
8.542857142857143                           0.7781112368906806
8.571428571428571                           0.7600209600600059
8.6                           0.7412974761510359
8.628571428571428                           0.7219526747375279
8.657142857142857                           0.7019984453932389
8.685714285714285                           0.6814466776919257
8.714285714285714                           0.6603092612073455
8.742857142857142                           0.6385980855132556
8.771428571428572                           0.6163250401834115
8.8                           0.5935020147915732
8.82857142857143                           0.570140898911496
8.857142857142858                           0.5462535821169373
8.885714285714286                           0.5218519539816542
8.914285714285715                           0.49694790407940365
8.942857142857143                           0.4715533219839428
8.971428571428572                           0.4456800972690287
9.0                           0.41934011950841843
9.028571428571428                           0.39254527827586894
9.057142857142857                           0.36530746314513757
9.085714285714285                           0.3376385636899812
9.114285714285714                           0.309550469484157
9.142857142857142                           0.28105507010142183
9.17142857142857                           0.2521642551155331
9.2                           0.22288991410024764
9.228571428571428                           0.19671541752039007
9.257142857142858                           0.17019841788923676
9.285714285714286                           0.14336804861113625
9.314285714285715                           0.11625344309043248
9.342857142857143                           0.08888373473147078
9.371428571428572                           0.06128805693859661
9.4                           0.033495543116155324
9.428571428571429                           0.005535326668492463
9.457142857142857                           -0.022563459000046693
9.485714285714286                           -0.050771680485116655
9.514285714285714                           -0.07906020438237199
9.542857142857143                           -0.10739989728746735
9.571428571428571                           -0.13576162579605722
9.6                           -0.16411625650379624
9.628571428571428                           -0.19243465600633902
9.657142857142857                           -0.22068769089934004
9.685714285714285                           -0.248846227778454
9.714285714285714                           -0.2768811332393354
9.742857142857142                           -0.3047632738776388
9.771428571428572                           -0.3324635162890207
9.8                           -0.35995272706913195
9.82857142857143                           -0.38720177281362905
9.857142857142858                           -0.41418152011816645
9.885714285714286                           -0.44086283557839895
9.914285714285715                           -0.4672165857899808
9.942857142857143                           -0.493213637348567
9.971428571428572                           -0.5188248568498117
